              precision    recall  f1-score   support

           A     0.9355    0.9613    0.9482       800
           B     0.9873    0.9700    0.9786       800
           C     0.9580    0.9688    0.9633       800
           D     0.9446    0.9587    0.9516       800
           E     0.9677    0.9750    0.9714       800
           F     0.9700    0.9688    0.9694       800
           G     0.8897    0.7762    0.8291       800
           H     0.9624    0.9587    0.9606       800
           I     0.7969    0.5737    0.6672       800
           J     0.9697    0.9213    0.9449       800
           K     0.9666    0.9775    0.9720       800
           L     0.6721    0.8688    0.7579       800
           M     0.9924    0.9825    0.9874       800
           N     0.9364    0.9750    0.9553       800
           O     0.9630    0.9762    0.9696       800
           P     0.9862    0.9850    0.9856       800
           Q     0.8111    0.8962    0.8515       800
           R     0.9613    0.9613    0.9613       800
           S     0.9899    0.9788    0.9843       800
           T     0.9686    0.9637    0.9662       800
           U     0.9401    0.9425    0.9413       800
           V     0.9410    0.9375    0.9393       800
           W     0.9898    0.9725    0.9811       800
           X     0.9848    0.9725    0.9786       800
           Y     0.9568    0.9688    0.9627       800
           Z     0.9925    0.9938    0.9931       800

    accuracy                         0.9379     20800
   macro avg     0.9398    0.9379    0.9374     20800
weighted avg     0.9398    0.9379    0.9374     20800
