              precision    recall  f1-score   support

           A     0.9356    0.9450    0.9403       800
           B     0.9773    0.9688    0.9730       800
           C     0.9745    0.9537    0.9640       800
           D     0.9514    0.9550    0.9532       800
           E     0.9435    0.9812    0.9620       800
           F     0.9663    0.9688    0.9675       800
           G     0.6955    0.9137    0.7898       800
           H     0.9108    0.9700    0.9395       800
           I     0.7093    0.8175    0.7596       800
           J     0.9609    0.9225    0.9413       800
           K     0.9822    0.9637    0.9729       800
           L     0.8054    0.6725    0.7330       800
           M     0.9589    0.9925    0.9754       800
           N     0.9777    0.8775    0.9249       800
           O     0.9523    0.9725    0.9623       800
           P     0.9848    0.9738    0.9793       800
           Q     0.8793    0.6100    0.7203       800
           R     0.9608    0.9487    0.9547       800
           S     0.9812    0.9775    0.9793       800
           T     0.9281    0.9675    0.9474       800
           U     0.9387    0.9387    0.9387       800
           V     0.9537    0.9263    0.9398       800
           W     0.9438    0.9875    0.9652       800
           X     0.9869    0.9450    0.9655       800
           Y     0.9415    0.9650    0.9531       800
           Z     0.9900    0.9938    0.9919       800

    accuracy                         0.9273     20800
   macro avg     0.9304    0.9273    0.9267     20800
weighted avg     0.9304    0.9273    0.9267     20800
