              precision    recall  f1-score   support

           A     0.5287    0.6338    0.5765       800
           B     0.7182    0.7200    0.7191       800
           C     0.7909    0.7612    0.7758       800
           D     0.6415    0.5300    0.5804       800
           E     0.7527    0.7037    0.7274       800
           F     0.7351    0.7075    0.7210       800
           G     0.5850    0.4688    0.5205       800
           H     0.6478    0.6138    0.6303       800
           I     0.3504    0.4975    0.4112       800
           J     0.7051    0.6425    0.6723       800
           K     0.6165    0.6150    0.6158       800
           L     0.4701    0.4813    0.4756       800
           M     0.8558    0.8900    0.8725       800
           N     0.6022    0.6075    0.6049       800
           O     0.8000    0.8550    0.8266       800
           P     0.8241    0.7788    0.8008       800
           Q     0.6044    0.5500    0.5759       800
           R     0.6504    0.5675    0.6061       800
           S     0.8441    0.7850    0.8135       800
           T     0.4626    0.5650    0.5087       800
           U     0.7035    0.7238    0.7135       800
           V     0.5992    0.7588    0.6696       800
           W     0.8452    0.8325    0.8388       800
           X     0.7221    0.6725    0.6964       800
           Y     0.6808    0.6212    0.6497       800
           Z     0.7966    0.7100    0.7508       800

    accuracy                         0.6651     20800
   macro avg     0.6743    0.6651    0.6674     20800
weighted avg     0.6743    0.6651    0.6674     20800
